100
554 415
958 976
40 890
745 288
588 724
285 957
984 988
328 930
672 723
984 377
142 486
911 279
347 843
233 738
673 705
957 595
325 67
133 611
396 885
302 130
365 793
605 414
750 934
268 907
38 273
179 522
889 449
998 167
673 36
272 840
884 511
777 966
420 73
475 199
72 273
936 722
333 793
819 690
964 738
629 283
262 694
198 584
882 890
987 701
47 604
394 786
708 863
188 534
467 783
635 308
488 38
873 249
193 410
909 100
357 391
914 626
707 404
833 835
358 409
763 776
545 752
924 371
280 750
71 15
586 27
81 364
225 789
792 113
940 83
567 730
882 393
53 726
798 165
685 549
991 484
106 807
714 293
540 897
60 221
636 380
259 206
542 275
513 552
347 346
912 819
238 598
417 125
728 709
19 911
711 698
379 370
771 630
888 940
834 525
977 152
255 771
996 420
793 858
213 574
124 518
