50
3
1 2 3
2 3 5
3 5 6
2 3 4
1 2 3
8
9 15 16 22 28 32 33 35
8 11 15 18 21 24 26 30
7 11 14 19 23 27 31 32
27 32 35 42 46 52 54 56
22 31 33 40 43 48 51 52
3 7 9 14 16 17 20 22
20 26 28 39 45 47 51 54
17 24 27 34 41 46 48 52
9 14 16 19 26 27 28 34
19 27 32 37 40 46 47 51
14 18 19 23 32 37 40 42
16 21 26 29 37 40 43 46
22 30 34 40 47 51 52 56
14 19 22 23 29 34 39 40
3 8 9 14 15 19 22 27
4
43 52 86 99
32 35 61 93
23 32 37 43
72 93 94 99
23 24 47 72
37 38 74 94
47 61 74 86
2
6 8
2 4
4 8
2
4 8
6 8
2 6
7
8 9 14 15 19 20 25
9 12 16 18 21 23 27
16 17 22 25 27 29 31
3 4 5 8 10 13 16
8 9 14 15 18 21 22
4 5 8 9 12 15 16
12 15 17 21 22 25 29
13 14 19 20 23 25 26
3 4 6 8 9 12 13
6 8 11 14 16 19 22
10 13 16 19 21 22 24
5 6 11 14 16 17 20
4 5 6 9 13 14 17
3
8 11 14
3 5 8
6 9 14
5 8 9
3 4 6
10
4 5 6 8 9 13 14 17 20 22
2 5 8 10 13 14 18 21 24 25
14 17 19 21 23 28 31 35 37 40
10 13 16 18 21 24 28 31 32 35
15 20 22 25 27 30 32 37 38 41
7 8 14 15 17 18 22 24 28 31
8 10 13 15 16 18 20 21 25 26
13 14 17 20 22 26 30 34 35 36
8 9 15 16 20 22 25 26 31 34
22 25 30 31 34 35 36 40 41 45
16 22 25 26 28 31 35 40 42 45
19 24 27 28 31 32 35 37 38 42
1 4 6 8 10 13 15 16 19 22
1 2 5 7 8 10 13 14 15 16
13 14 17 18 22 24 26 28 30 31
5 6 11 13 16 17 21 23 27 30
16 21 23 24 26 31 34 35 37 40
10 13 16 17 20 21 22 23 27 28
6 8 11 14 15 16 17 19 22 25
3
2 4 5
4 5 8
3 4 5
1 3 4
1 2 4
5
7 11 12 13 15
3 5 8 9 10
4 5 7 9 11
7 9 10 11 13
8 10 11 12 15
2 3 4 5 7
4 7 9 10 11
5 9 10 11 12
6 8 9 10 12
7
62 98 102 135 166 189 209
5 30 51 52 58 62 64
56 77 91 104 110 135 157
58 82 86 110 146 167 192
59 117 121 136 167 189 205
51 60 68 91 116 121 130
52 78 80 104 122 136 161
30 50 56 77 95 117 122
28 50 60 78 82 98 111
57 95 116 122 146 166 173
5 28 39 56 57 59 82
82 122 130 161 192 209 210
64 111 128 157 173 205 210
8
11 13 15 16 19 21 22 25
4 6 7 9 11 12 13 14
12 14 15 17 20 21 22 24
2 4 5 7 8 10 12 13
7 9 10 12 13 15 16 18
13 14 17 18 21 23 24 27
5 8 9 10 12 14 15 17
10 12 14 16 18 19 21 23
4 6 8 9 11 12 14 16
8 11 12 13 14 17 19 21
6 9 10 12 13 16 17 20
8 11 12 13 14 18 20 22
2 4 5 6 8 9 11 13
13 16 18 20 22 24 25 27
5 7 9 10 12 14 15 18
6
2 3 4 6 9 13
17 18 23 30 33 36
7 8 15 16 18 23
15 16 22 26 30 34
11 13 19 23 27 31
9 15 18 27 30 33
3 7 8 13 16 18
2 3 7 11 15 17
13 19 23 31 34 36
3 7 11 14 15 19
6 14 16 23 26 30
4
5 7 9 11
2 4 7 9
1 2 3 5
6 9 11 13
3 5 9 11
5 7 11 13
3 4 5 7
4
3 5 6 12
1 2 3 7
7 10 11 13
2 4 5 10
2 4 5 9
1 2 3 8
8 9 12 13
2
2 6
4 8
2 4
6
9 13 15 16 17 19
2 3 4 6 8 9
9 11 14 15 16 19
6 7 10 12 14 16
8 10 12 14 15 17
4 5 8 10 12 15
3 4 5 7 10 11
6 9 10 12 14 15
8 11 12 14 15 16
3 4 7 9 11 13
2 3 5 6 8 9
5
10 13 18 19 25
8 12 14 18 23
18 23 25 29 30
16 18 19 24 27
15 17 21 24 29
7 12 13 17 20
12 14 18 21 25
5 7 12 16 18
5 8 10 15 17
4
1 3 4 5
4 6 9 11
1 3 5 7
5 7 9 10
5 7 10 12
3 4 6 7
7 8 11 12
2
22 222
2 22
2 22
4
9 10 11 12
2 6 10 14
1 5 9 13
3 7 11 15
5 6 7 8
13 14 15 16
4 8 12 16
2
2 4
2 6
6 8
4
3 4 5 6
1 2 3 4
4 5 6 7
3 4 5 6
4 5 6 7
2 3 4 5
1 2 3 4
10
93 163 176 180 201 250 265 285 298 305
24 59 61 81 102 114 133 147 169 176
45 92 112 129 149 151 186 211 233 250
1 15 24 49 65 70 80 83 89 93
115 167 183 192 214 240 245 265 299 305
37 77 103 107 118 149 168 169 192 201
1 17 24 25 37 45 65 88 102 115
65 77 102 112 118 149 159 183 196 214
49 70 81 87 107 129 131 152 169 192
65 110 118 131 159 163 197 225 244 265
89 138 169 172 192 233 244 263 287 299
80 102 133 141 168 186 197 205 239 245
70 101 114 133 149 151 163 202 218 240
102 145 151 169 196 218 239 244 287 298
83 115 147 150 169 211 225 238 244 265
15 38 59 69 77 92 110 133 145 167
17 38 46 70 77 101 102 115 138 163
25 69 82 87 112 133 141 150 172 180
88 133 137 152 183 202 205 238 263 285
7
14 22 27 32 38 46 47
9 18 21 26 36 41 46
17 26 30 33 41 46 49
11 19 23 24 26 32 34
5 6 10 15 18 22 27
1 5 10 11 13 17 20
10 14 17 18 21 27 30
20 27 33 38 46 47 54
8 15 18 24 31 33 38
1 3 4 8 9 14 17
4 10 17 23 28 30 33
13 23 28 31 36 38 39
17 27 30 34 39 49 54
3
2 3 4
1 2 3
3 4 5
1 2 3
2 3 4
3
1 2 3
1 2 3
2 3 4
3 4 5
3 4 5
10
5 9 10 13 16 17 20 21 23 25
2 4 6 7 8 10 11 13 14 15
13 16 20 21 26 28 29 32 33 35
7 11 13 14 18 19 21 23 25 26
14 17 20 23 25 26 30 31 33 34
6 8 9 10 13 15 16 18 20 22
9 12 15 16 20 22 24 25 26 28
4 6 7 9 11 12 13 15 16 17
15 18 22 25 26 28 32 33 35 37
11 15 18 20 21 24 26 28 29 32
13 16 19 21 23 25 28 30 32 33
7 10 11 13 14 16 17 20 21 23
15 17 22 23 27 30 32 33 34 37
2 3 4 5 7 9 11 12 13 15
8 12 14 16 18 20 22 24 26 27
4 7 9 11 14 16 18 19 20 22
11 13 16 17 22 23 26 28 30 32
3 6 8 10 12 13 15 16 17 18
12 15 18 20 24 26 28 30 31 33
2
2 6
4 6
1 4
7
9 10 13 14 15 16 19
3 4 5 6 9 11 12
11 13 15 17 18 19 21
4 5 8 11 13 15 16
12 14 16 19 20 21 22
3 4 7 9 10 13 14
2 3 5 7 9 11 12
2 3 4 5 7 9 10
5 6 9 12 14 17 19
10 12 13 17 19 21 22
7 9 10 13 15 18 20
5 7 8 9 10 12 13
7 9 11 12 13 15 17
3
2 4 5
10 13 15
6 9 10
4 9 13
5 10 15
10
3 11 18 19 20 21 22 23 24 50
7 15 22 28 33 37 40 41 42 58
5 13 20 26 31 32 33 34 35 55
9 17 24 30 35 39 42 44 45 63
2 10 11 12 13 14 15 16 17 49
9 17 24 30 35 39 42 44 45 62
6 14 21 27 32 36 37 38 39 56
46 48 50 52 55 56 58 61 63 64
4 12 19 25 26 27 28 29 30 52
47 49 51 53 54 57 59 60 62 64
7 15 22 28 33 37 40 41 42 59
8 16 23 29 34 38 41 43 44 60
1 2 3 4 5 6 7 8 9 47
3 11 18 19 20 21 22 23 24 51
5 13 20 26 31 32 33 34 35 54
8 16 23 29 34 38 41 43 44 61
1 2 3 4 5 6 7 8 9 46
2 10 11 12 13 14 15 16 17 48
6 14 21 27 32 36 37 38 39 57
9
8 15 16 18 25 27 31 33 34
20 23 24 31 35 38 41 42 46
6 13 15 17 21 23 24 29 30
26 29 30 34 38 41 46 48 52
8 11 15 16 22 24 28 32 35
10 18 22 25 27 29 35 36 38
19 24 35 38 39 42 46 47 52
14 22 28 31 34 38 41 44 46
5 9 11 13 17 21 23 25 29
2 5 8 12 14 18 20 24 26
24 25 29 33 36 39 44 46 47
2 5 6 8 10 12 14 17 19
17 23 32 34 38 40 42 46 48
12 13 17 18 25 26 31 34 38
12 19 24 26 30 32 38 39 41
14 17 21 25 27 30 34 38 39
5 9 13 15 18 19 22 23 24
5
7 9 10 11 13
6 8 9 10 12
1 3 4 6 7
1 2 4 5 6
2 4 6 8 9
6 9 10 12 13
3 4 6 8 9
5 8 9 10 11
4 6 7 9 10
2
22 222
2 22
22 222
4
20 23 24 26
11 14 21 24
15 18 21 23
10 13 14 19
16 19 23 26
5 10 15 20
10 13 18 23
7
36 37 38 39 40 41 42
2 9 16 23 30 37 44
8 9 10 11 12 13 14
29 30 31 32 33 34 35
3 10 17 24 31 38 45
7 14 21 28 35 42 49
4 11 18 25 32 39 46
43 44 45 46 47 48 49
1 8 15 22 29 36 43
6 13 20 27 34 41 48
22 23 24 25 26 27 28
1 2 3 4 5 6 7
5 12 19 26 33 40 47
9
2 3 4 6 8 10 12 13 15
15 17 20 22 25 27 29 31 32
6 8 9 10 12 14 16 18 20
11 14 16 18 20 21 23 26 29
2 4 6 7 8 9 11 12 13
4 5 7 9 10 11 13 15 17
12 16 17 20 21 23 25 28 31
8 11 13 15 17 18 21 23 25
4 7 9 12 13 14 16 17 20
13 15 18 20 23 24 26 28 29
13 18 20 22 24 26 27 29 32
10 11 14 17 18 20 21 23 26
12 13 16 19 21 22 23 25 27
3 5 8 10 11 13 14 16 18
9 13 14 16 18 20 22 24 27
6 9 10 13 15 16 18 20 22
8 10 12 15 17 18 20 21 24
3
6 12 13
7 9 13
5 7 9
2 3 7
2 5 6
9
29 32 37 46 52 56 58 62 64
30 43 44 51 55 57 61 64 70
8 12 17 18 23 28 33 38 43
17 23 28 31 34 39 48 52 56
13 15 21 22 28 33 37 41 44
22 28 33 37 38 40 52 56 60
19 25 27 33 34 38 40 51 55
13 18 22 29 33 38 43 46 51
9 17 21 26 27 29 31 37 38
3 4 9 13 17 22 25 28 30
28 38 41 46 51 54 55 62 67
3 8 13 16 19 24 28 29 30
16 21 26 29 31 37 39 46 51
4 12 15 21 25 26 29 32 36
24 26 29 38 39 40 43 54 57
30 36 38 51 56 60 62 67 70
28 29 31 43 48 52 53 55 61
7
2 3 4 5 6 7 8
3 4 5 6 7 8 9
4 5 6 7 8 9 10
3 4 5 6 7 8 9
7 8 9 10 11 12 13
6 7 8 9 10 11 12
2 3 4 5 6 7 8
1 2 3 4 5 6 7
5 6 7 8 9 10 11
7 8 9 10 11 12 13
5 6 7 8 9 10 11
6 7 8 9 10 11 12
4 5 6 7 8 9 10
3
1 3 4
4 11 14
3 7 8
1 3 7
7 8 14
4
7 9 14 21
8 9 15 16
12 14 19 23
4 8 12 17
4 7 11 13
11 15 19 23
13 16 23 27
7
4 9 13 16 17 18 29
5 10 14 17 19 20 31
23 25 26 28 31 32 34
6 11 15 18 20 21 32
1 2 3 4 5 6 23
22 24 27 29 30 33 34
2 7 8 9 10 11 25
3 8 12 13 14 15 27
2 7 8 9 10 11 24
3 8 12 13 14 15 26
6 11 15 18 20 21 33
1 2 3 4 5 6 22
4 9 13 16 17 18 28
9
12 19 20 31 34 38 45 50 55
1 5 8 11 14 17 21 24 28
17 19 25 33 35 38 42 45 51
5 12 18 24 29 33 36 41 42
14 16 22 29 30 34 39 43 47
28 32 34 42 48 55 60 63 64
11 15 19 24 28 31 36 40 43
4 10 16 19 22 25 29 30 34
8 12 16 18 19 20 26 28 31
21 26 29 36 41 45 46 48 53
1 3 4 5 8 12 13 17 18
24 27 30 41 45 50 53 55 60
13 22 26 36 39 42 46 53 60
8 17 19 28 30 35 41 45 48
18 27 31 43 47 51 53 60 64
3 8 12 15 16 19 26 27 32
5 8 10 12 17 19 22 25 27
10
2 3 4 5 6 7 8 9 10 11
5 6 7 8 9 10 11 12 13 14
6 7 8 9 10 11 12 13 14 15
8 9 10 11 12 13 14 15 16 17
8 9 10 11 12 13 14 15 16 17
9 10 11 12 13 14 15 16 17 18
6 7 8 9 10 11 12 13 14 15
1 2 3 4 5 6 7 8 9 10
3 4 5 6 7 8 9 10 11 12
5 6 7 8 9 10 11 12 13 14
9 10 11 12 13 14 15 16 17 18
2 3 4 5 6 7 8 9 10 11
7 8 9 10 11 12 13 14 15 16
4 5 6 7 8 9 10 11 12 13
10 11 12 13 14 15 16 17 18 19
4 5 6 7 8 9 10 11 12 13
7 8 9 10 11 12 13 14 15 16
10 11 12 13 14 15 16 17 18 19
1 2 3 4 5 6 7 8 9 10
2
2 4
4 5
2 3
4
6 7 10 12
3 6 7 9
9 12 14 17
9 12 14 17
6 10 11 14
5 7 8 12
7 8 11 14
3
2 3 4
2 3 4
3 4 5
3 4 5
1 2 3
10
51 52 53 54 55 56 57 58 59 60
1 11 21 31 41 51 61 71 81 91
1 2 3 4 5 6 7 8 9 10
91 92 93 94 95 96 97 98 99 100
11 12 13 14 15 16 17 18 19 20
71 72 73 74 75 76 77 78 79 80
9 19 29 39 49 59 69 79 89 99
10 20 30 40 50 60 70 80 90 100
21 22 23 24 25 26 27 28 29 30
4 14 24 34 44 54 64 74 84 94
8 18 28 38 48 58 68 78 88 98
41 42 43 44 45 46 47 48 49 50
81 82 83 84 85 86 87 88 89 90
61 62 63 64 65 66 67 68 69 70
3 13 23 33 43 53 63 73 83 93
5 15 25 35 45 55 65 75 85 95
7 17 27 37 47 57 67 77 87 97
2 12 22 32 42 52 62 72 82 92
6 16 26 36 46 56 66 76 86 96
