1000
100 66 13
31 86 25
23 66 83
66 96 69
16 43 68
67 7 97
84 90 1
4 57 29
23 7 57
2 20 12
28 88 81
1 97 39
84 26 67
28 46 55
53 5 47
37 29 63
100 70 91
82 86 16
43 47 33
73 44 1
78 92 39
45 38 11
55 71 46
7 38 80
100 90 10
23 100 5
97 70 4
81 4 75
29 36 86
84 98 55
5 74 9
28 95 98
81 88 84
53 90 67
47 39 84
88 76 98
85 16 71
83 12 56
98 22 42
42 63 85
77 91 2
50 82 26
5 98 52
64 20 30
41 98 74
1 87 71
68 13 87
45 58 69
19 77 72
67 3 26
52 27 3
93 79 38
54 31 99
73 81 29
74 35 78
51 16 83
95 82 27
87 37 94
61 12 61
59 83 100
96 28 17
83 39 80
78 56 13
51 32 31
78 71 68
36 60 91
18 22 25
2 86 38
94 20 21
41 62 75
5 77 17
82 98 10
88 93 40
64 82 82
32 60 75
89 41 20
87 40 57
40 29 7
54 7 5
8 7 32
3 8 88
16 35 59
14 81 78
39 5 38
53 6 61
6 57 10
98 80 87
1 28 70
64 38 29
65 77 89
82 45 77
31 9 91
43 99 74
51 52 94
44 60 67
70 88 73
83 56 97
77 61 9
0 71 40
78 13 34
88 5 55
15 70 53
87 66 72
13 21 19
11 45 87
99 8 69
16 74 2
65 42 19
67 48 15
90 78 19
43 48 99
71 86 34
20 46 39
93 91 57
35 22 38
4 64 27
65 81 74
100 63 3
10 34 81
35 81 8
52 90 42
36 4 21
63 90 6
77 97 48
62 46 1
17 2 33
24 26 19
81 8 37
38 18 100
62 86 17
43 44 59
45 39 5
85 55 91
42 65 78
63 74 95
27 56 28
65 70 12
8 64 34
68 88 5
77 41 62
58 99 46
66 16 67
12 83 57
95 59 36
14 59 83
36 12 28
66 25 14
22 75 38
27 5 38
57 64 92
45 61 96
27 69 53
38 100 15
13 55 55
69 39 59
49 79 11
12 3 26
26 92 27
85 93 63
41 88 72
77 46 25
19 71 93
7 54 41
30 44 90
47 1 94
75 63 74
38 42 11
34 29 37
95 62 96
44 68 69
15 12 1
31 9 97
72 82 11
98 6 75
82 55 91
47 27 41
79 40 83
66 20 11
70 35 40
3 75 98
89 80 24
92 82 14
95 88 7
68 88 23
56 84 29
33 36 11
44 88 41
85 68 41
19 78 93
21 28 21
14 19 22
22 97 31
46 13 17
93 6 84
76 23 47
79 48 76
90 63 36
67 95 83
67 60 11
7 72 10
71 28 11
60 83 20
87 63 13
70 87 37
61 29 41
34 38 11
56 1 93
33 56 65
48 62 3
61 34 14
55 3 20
93 40 71
34 27 91
22 95 30
61 6 25
84 18 41
23 35 44
51 46 69
92 33 47
41 85 26
26 63 84
23 8 13
80 53 38
55 94 1
56 35 42
83 62 4
63 93 100
91 2 12
11 72 92
54 36 40
88 58 41
79 91 11
35 99 22
73 32 97
25 47 39
16 86 46
70 93 6
85 85 34
67 45 63
85 9 98
73 94 45
36 61 83
73 81 87
34 54 33
19 38 41
37 54 52
52 37 89
17 31 57
99 58 92
60 52 78
9 70 2
14 36 81
73 6 68
19 54 59
7 79 5
73 66 59
92 10 71
75 18 15
97 10 17
13 99 9
51 61 95
9 72 95
33 55 85
86 98 75
20 60 5
77 89 85
16 39 79
79 13 6
79 46 84
48 55 54
81 38 43
10 32 14
89 21 73
31 10 68
78 23 25
7 29 92
33 44 96
8 47 90
64 76 28
48 46 58
82 20 52
17 17 24
68 55 29
60 29 94
7 84 22
49 86 5
30 60 84
14 12 58
95 85 81
63 73 6
55 65 61
35 9 73
95 61 13
17 89 70
31 46 91
34 66 96
16 88 96
24 29 11
50 91 58
43 81 99
5 47 9
55 99 81
98 85 64
22 41 17
68 45 5
46 26 68
82 35 76
55 71 19
28 13 37
64 88 26
52 71 98
38 2 57
33 24 78
56 6 32
11 92 53
100 27 67
83 25 47
56 56 52
17 26 74
89 48 41
48 59 23
26 91 40
67 67 62
30 17 52
49 43 41
2 1 3
57 27 68
10 33 33
1 69 27
35 55 63
34 59 57
79 88 11
42 91 58
57 10 21
58 16 65
4 95 82
18 69 54
38 91 22
7 95 21
75 69 6
25 76 48
92 31 9
100 6 31
11 32 65
25 17 18
98 83 39
7 83 47
52 60 75
14 30 25
23 5 33
44 95 98
93 73 82
78 53 78
60 81 24
87 57 12
84 93 54
58 12 24
97 44 64
68 23 92
12 7 78
37 2 41
93 92 92
90 16 86
13 15 75
65 77 35
31 32 20
57 59 38
99 61 22
42 73 40
0 32 79
13 9 61
53 92 12
51 36 99
65 18 82
45 12 15
58 18 38
7 78 53
100 47 93
2 21 41
70 42 40
37 21 1
50 65 61
22 2 57
37 87 8
21 1 14
22 45 39
53 100 79
10 67 92
13 62 100
82 70 56
95 95 17
67 12 75
15 74 4
53 86 23
89 11 13
57 76 70
52 69 42
62 18 5
19 61 77
31 11 66
65 89 98
3 31 48
43 30 26
59 78 24
93 94 28
61 71 58
5 19 45
87 78 17
89 99 82
28 14 70
75 23 60
12 25 45
73 43 35
60 34 72
22 20 89
52 20 71
22 84 76
66 92 12
61 65 100
61 55 7
58 90 100
56 30 6
12 55 55
19 87 86
81 14 29
47 88 38
15 28 37
68 85 59
58 63 62
53 66 72
82 93 96
20 73 83
55 83 24
46 100 80
72 53 57
100 54 94
84 30 23
34 98 65
79 29 41
54 93 10
96 55 72
47 27 8
31 90 6
76 70 22
83 27 46
95 33 26
18 57 73
52 79 8
31 9 89
69 96 28
85 84 21
97 18 34
52 23 15
66 68 37
74 77 38
8 61 3
86 14 22
0 57 27
79 20 6
56 80 4
87 21 91
2 48 25
55 48 15
77 67 94
47 92 81
75 28 25
65 34 26
57 52 31
46 69 58
16 54 82
55 68 37
67 43 20
28 62 38
3 89 85
61 56 2
81 38 96
25 12 74
42 35 78
32 14 83
29 35 24
54 53 91
85 33 65
32 43 54
83 41 63
59 19 85
100 84 72
9 10 84
26 2 42
6 56 93
44 65 58
37 13 100
75 52 73
23 17 75
67 77 35
64 81 11
21 53 4
20 28 98
98 4 46
73 41 26
98 69 74
97 69 86
24 64 84
30 65 81
25 74 22
65 77 76
94 24 53
74 92 31
44 4 23
35 64 17
23 7 3
6 10 20
97 14 17
23 24 41
65 46 89
8 87 8
99 99 99
69 74 98
3 98 22
12 33 57
60 87 90
32 81 7
44 52 32
31 11 98
34 99 40
50 42 68
18 61 15
53 89 74
84 71 12
66 43 12
42 67 86
2 36 39
77 75 10
18 89 10
74 3 72
95 44 79
51 72 5
38 87 35
69 3 81
8 34 45
84 63 23
87 81 48
4 11 83
93 24 72
88 17 100
34 14 7
61 18 70
24 98 37
68 23 60
29 94 95
75 76 37
55 58 79
33 34 86
84 48 1
86 15 32
59 46 2
28 12 87
56 82 23
39 12 84
76 82 99
43 54 4
69 91 72
7 56 41
71 87 7
100 91 42
65 91 93
80 80 99
47 8 15
100 55 38
59 31 96
76 47 70
47 71 80
55 37 9
28 100 1
99 70 27
4 78 15
98 85 38
17 78 67
5 85 97
48 69 67
32 67 10
61 88 67
100 31 47
90 24 63
40 87 59
49 34 10
88 56 9
10 37 85
97 7 12
17 24 45
100 23 20
47 66 45
50 95 41
97 58 73
78 31 43
74 86 67
78 12 41
9 67 98
27 97 67
93 61 47
7 33 36
2 57 53
58 91 89
74 32 16
9 100 8
9 77 77
14 78 60
55 82 52
44 31 91
67 60 99
94 7 87
51 9 46
0 10 42
79 74 13
34 68 35
82 47 46
77 83 58
75 33 74
17 53 33
81 30 41
44 27 57
49 42 78
30 41 28
87 20 40
49 48 55
60 4 61
66 75 25
6 90 18
57 41 42
42 33 100
32 46 61
18 82 44
98 42 24
84 58 8
82 56 91
49 11 58
66 30 100
72 40 83
92 38 94
72 36 27
56 83 72
86 67 92
39 5 87
51 7 31
89 84 47
41 97 68
69 82 83
97 96 54
33 61 4
98 39 27
59 22 76
66 98 21
15 90 92
55 94 27
79 69 11
98 41 60
12 71 89
16 11 38
1 74 53
19 67 40
70 35 42
21 66 14
16 20 69
17 63 22
93 28 75
52 72 19
17 32 44
11 83 30
27 61 19
43 89 76
37 33 18
28 74 83
17 46 54
91 77 63
92 40 17
82 89 7
59 96 91
23 65 87
41 87 80
80 2 41
1 42 57
11 97 8
55 47 53
6 27 73
50 45 96
94 30 5
19 25 7
6 23 99
74 27 60
91 65 22
42 93 80
83 89 31
63 97 5
85 70 9
1 22 6
38 31 43
54 13 86
25 23 43
65 39 45
91 9 77
7 68 97
69 26 21
31 3 8
57 85 91
6 54 76
46 74 16
17 55 29
85 7 21
30 64 56
84 79 77
40 29 19
91 41 56
75 31 59
80 65 25
70 57 74
99 97 98
77 46 98
90 58 66
25 69 7
59 72 79
84 70 75
34 72 75
47 88 70
38 13 25
83 83 38
2 32 95
96 80 66
41 12 92
7 52 70
46 38 10
75 40 70
7 25 48
80 33 25
41 20 71
6 54 76
6 36 66
55 12 25
32 94 82
55 80 45
49 18 95
7 13 7
52 29 5
43 9 84
55 77 36
62 59 95
32 27 27
11 10 80
39 72 57
90 37 82
2 76 15
53 70 66
51 57 31
75 79 54
73 93 3
23 70 19
43 24 79
62 90 75
25 43 87
100 1 1
90 72 20
12 9 17
24 24 77
81 64 70
10 33 21
41 32 82
20 14 88
64 25 83
11 60 98
31 80 31
89 80 48
1 55 20
75 68 11
7 62 58
39 68 98
46 71 15
34 64 3
77 89 75
43 86 20
100 74 54
52 68 11
38 18 74
10 86 69
40 32 40
79 37 2
91 35 47
100 31 11
1 45 6
74 76 22
62 46 8
82 97 70
63 4 15
13 82 4
66 90 100
37 73 10
90 98 72
53 46 81
36 42 44
55 93 15
58 27 76
52 22 97
39 81 80
96 2 72
31 57 62
38 10 22
8 20 80
96 74 56
38 27 52
68 82 88
75 37 68
15 29 66
14 33 90
13 64 55
97 87 65
30 5 55
84 75 56
0 20 25
67 23 25
59 89 41
28 81 52
9 67 78
12 59 63
36 17 39
46 18 82
10 38 38
96 100 18
88 55 34
61 95 87
97 76 47
11 99 88
34 78 66
9 76 39
89 48 39
2 77 57
100 37 76
20 18 1
37 65 24
8 13 21
11 69 57
2 98 62
61 85 22
80 15 95
11 5 82
54 8 62
4 38 5
26 26 94
93 26 48
0 44 99
22 28 37
16 12 2
100 84 31
75 30 25
62 48 83
96 10 58
69 77 100
77 28 9
27 65 77
75 36 52
90 48 65
44 33 42
97 88 98
56 22 38
82 79 96
0 55 55
29 71 99
53 97 9
99 60 89
29 2 60
27 39 58
95 92 84
29 23 13
59 30 79
34 15 71
63 18 95
100 28 10
74 29 63
46 54 18
28 58 46
13 9 38
28 75 45
16 81 80
10 87 38
35 73 75
2 100 54
81 13 32
73 7 6
41 26 27
36 98 30
1 90 31
52 36 12
2 59 23
52 96 17
100 98 41
100 17 30
8 100 13
53 85 73
66 22 24
100 91 95
80 66 44
10 5 43
69 62 92
83 81 21
96 46 9
76 10 62
91 86 32
67 94 53
1 94 5
20 98 70
81 45 30
97 16 13
60 81 83
70 25 2
63 53 74
30 25 5
72 96 80
53 80 34
94 30 67
31 30 58
31 8 81
41 9 44
44 19 7
22 88 73
19 32 69
37 62 67
52 71 59
29 75 87
100 91 18
94 54 91
52 10 20
41 35 64
33 18 17
55 84 13
86 82 81
13 17 1
28 16 5
97 44 60
48 39 20
47 53 21
36 98 27
38 13 28
45 70 62
57 28 81
8 31 78
76 77 73
35 8 16
95 23 15
72 98 89
54 70 59
39 94 64
29 42 62
12 98 95
53 61 85
80 25 64
79 6 20
15 73 20
20 71 63
57 61 15
34 5 87
32 68 96
36 93 63
51 65 58
16 46 80
65 69 32
21 6 39
6 68 91
65 88 97
54 72 3
37 43 86
94 73 33
68 6 13
1 54 73
24 100 35
83 45 78
67 53 15
14 63 94
41 58 27
28 37 95
74 32 14
8 2 87
17 43 82
1 12 64
75 55 81
93 85 66
28 44 77
38 96 19
66 15 25
48 48 69
62 87 92
30 74 67
4 25 17
90 67 82
21 94 36
80 46 30
15 81 30
95 20 58
91 47 20
42 67 14
31 47 82
79 31 94
100 61 33
98 57 37
33 6 28
